Azman
011073054
10 20 28 37
10 18 30 35
10 15 18 34
4.00
Alman2
011073054
10 20 28 37
10 18 30 35
10 15 18 34
3.2
Alman3
011073054
10 20 28 37
10 18 30 35
10 15 18 34
3.8
Alman4
011073054
10 20 28 37
10 18 30 35
10 15 18 34
3.8
Alman5
011073054
10 20 28 37
10 18 30 35
10 15 18 34
4.5
Alman6
011073054
10 20 28 37
10 18 30 35
10 15 18 34
3.8
Alman7
011073054
10 20 28 37
10 18 30 35
10 15 18 34
3.8
Alman8
011073054
10 20 28 37
10 18 30 35
10 15 18 34
3.8
Alman9
011073054
10 20 28 37
10 18 30 35
10 15 18 34
3.8
Himel
011073054
10 20 28 37
10 18 30 35
10 15 18 34
2